[WaveSynthV2.vi]
Wave = 1    
WaveformPath = ""
NumberofSamples = 2048.000000    
FrequencyHz = 42000000.000000    
StartTimeus = -0.200000    
WavesperPixel = 1.000000    
Delaybetweenwavesus = 0.000000    
SamplingFrequencyHz = 200000000.000000    
PhaseDelaySamples = 0.000000    
OffsetFactor = 0.000000    
Done = "TRUE"
ResetButton = "FALSE"
GainFactor = 1.000000    